0.043774 1101
0.238655 6
0.000192 29
0.001375 128
0.000180 180
0.007227 862
0.000213 7
0.000979 12
0.000170 8
0.914600 11
0.002036 51
0.181119 18
0.097091 41
0.329470 30
0.133826 30
0.155825 66
0.142178 6
0.168380 122
0.005875 63
0.193113 21
0.209445 21
0.385098 27
0.349572 6
0.350312 6
0.357688 6
0.181197 6
0.150149 6
0.774543 6
0.164778 6
0.697921 6
0.148195 6
0.379953 221
0.794429 3
0.004700 51
0.709651 6
0.284452 6
0.074631 6
0.165519 6
0.093047 6
0.226960 6
0.153578 6
0.108281 6
0.729427 6
0.208054 167
0.094169 1
0.225692 1
0.207838 23
0.202273 46
0.001246 908
1.234751 3
0.177396 3
0.138657 3
0.002140 42
0.153576 169
0.006401 43
0.316750 23
0.152666 219
0.001182 904
0.001284 43
11.156451 173
0.274233 1
0.166190 1
0.228780 1
0.277766 23
0.133654 46
0.001134 908
0.747009 1
0.089560 1
0.609434 1
0.225345 1
1.420147 1
0.281611 10
0.075467 8
0.080596 1
0.098388 1
0.457096 7
0.006106 11
0.000893 57
0.132004 33
0.001155 29
15.322546 1
0.040681 1
0.190587 1
0.198235 1
0.111148 1
0.574054 1
0.304485 1
0.064813 1
0.220459 1
0.350536 11
0.010461 16
1.907384 28
0.190608 29
0.313979 30
0.115892 53
0.410833 53
0.271849 48
0.667044 33
0.000319 2
0.000815 30
9.588734 28
0.233831 29
0.109093 48
0.525254 48
0.618879 32
0.284713 33
0.206108 34
0.129258 35
0.214829 36
0.103660 37
0.060798 38
0.129892 39
0.324825 55
0.511196 42
0.000674 21
36.052641 28
0.213706 29
0.241109 121
0.429240 121
0.349115 32
0.313461 33
0.201156 34
0.090259 35
0.223336 36
0.116305 37
0.035933 38
0.133810 39
0.324924 121
0.430532 121
1.128924 121
0.304982 121
0.150497 121
0.704835 121
0.158641 121
0.141156 121
0.573026 42
0.455738 43
0.164594 44
0.524514 43
0.390826 44
0.158903 45
0.376232 46
0.608253 121
6.173281 49
0.000619 20
37.429841 28
0.181300 29
0.190147 58
0.084821 31
0.235005 32
0.074828 33
0.798503 34
0.260803 35
0.187874 36
0.217689 37
0.114742 38
0.214990 39
0.098479 40
0.070734 41
0.115230 42
0.285811 43
0.334798 45
0.000718 93
37.519537 28
0.194746 29
0.174843 58
0.602137 58
0.288361 32
0.264895 33
0.123640 34
0.091753 35
0.224909 36
0.063715 37
0.059752 38
0.109802 39
0.485815 64
0.760349 42
0.000659 29
17.333146 28
0.272526 29
0.678205 28
0.208637 29
0.044807 48
0.636135 48
0.269209 32
0.914598 33
0.105365 34
0.089206 35
0.245542 36
0.114143 37
0.044494 38
0.125801 39
0.299422 55
0.234456 42
0.000729 21
2.750311 2
0.000443 33
0.571312 17
0.009437 120
0.000170 108
0.000020 20
0.047712 864
0.000115 7
0.001244 8
0.960992 11
