0.038975 106
0.000092 31
0.000074 15
2.910423 1
0.194828 3
0.140337 1
0.109394 1
0.130455 1
0.169579 1
0.090723 1
0.149780 1
0.249328 1
0.188158 1
0.217199 1
0.179778 1
0.175677 1
0.454437 1
0.269715 1
0.235305 1
1.020217 1
0.023326 1
0.480563 21
2.099945 7
0.000221 7
0.000160 11
0.564054 46
0.063813 50
0.756961 1
0.059167 1
0.150476 1
0.259435 1
0.345085 1
0.769873 1
0.293244 1
0.111498 1
0.230179 1
0.364658 1
0.220222 1
0.499378 1
0.215885 1
0.229302 1
0.229908 1
0.274607 1
0.139609 1
0.138363 1
0.786866 1
0.111441 8
1.268996 2
0.011568 62
0.000236 13
0.000727 58
0.000151 38
0.002629 107
0.000225 350
0.000831 30
4.866844 36
0.000767 18
0.205717 6
0.000056 13
0.112957 19
0.670213 21
0.255498 19
0.164289 19
0.085327 19
0.174827 19
0.134408 19
0.190395 19
0.192811 19
0.161723 19
0.105253 19
0.364793 19
1.334893 19
0.515084 19
0.594184 19
0.195193 19
0.139686 19
0.185203 19
0.580606 6
0.000122 29
0.358870 6
0.000046 15
0.169921 6
0.000126 13
0.100009 19
0.169666 19
0.120434 35
0.469888 63
1.071672 19
8.120467 6
0.000087 202
2.129396 6
0.000159 244
0.000074 32
0.000119 77
8.198320 6
0.000366 45
0.000421 30
0.000039 39
0.000550 1
0.000113 60
0.001331 49
7.275926 1
0.317995 1
0.495156 1
0.174510 1
0.790053 8
0.406507 106
0.000084 31
0.000266 7
0.000111 8
0.662366 1
0.192091 3
0.132524 1
0.174688 1
0.145288 7
0.000114 11
