0.063166 106
0.000089 31
0.000008 7
0.000034 8
4.324159 1
0.198810 3
0.136011 1
0.095199 1
0.144682 1
0.180341 1
0.145369 1
0.194532 1
0.394928 1
0.200622 1
0.223899 1
0.195177 1
0.425825 1
0.294088 1
0.274412 1
0.170536 1
0.555595 1
0.059568 1
0.219746 1
0.295610 20
1.918803 7
0.000292 7
0.000145 11
0.514838 46
0.066828 50
6.500064 26
0.815155 2
0.001210 31
0.000716 49
4.864097 1
0.235137 1
0.321640 1
1.174952 1
0.182004 1
0.039878 1
0.187543 1
0.195604 1
0.224381 1
0.085324 1
0.079812 1
0.237020 1
0.233124 1
0.159823 1
0.130009 1
0.240113 1
0.192015 1
0.102138 1
0.184951 1
0.195083 1
2.700104 2
0.077518 29
0.042913 29
0.008156 29
0.038970 58
0.022171 58
0.451884 60
0.012986 60
0.067768 60
0.032883 60
0.046734 60
0.001788 60
0.002879 60
0.004314 60
0.020024 30
0.006538 60
0.014715 60
0.017502 60
0.000922 60
0.009645 33
0.018799 64
0.030641 66
0.137584 138
0.027774 34
0.000864 46
2.648951 20
0.432671 1
0.164674 1
0.337496 2
0.043865 29
0.041625 29
0.008220 29
0.054384 58
0.022539 58
0.455926 60
0.012712 60
0.067756 60
0.032448 60
0.044238 60
0.001947 30
0.000031 30
0.002860 30
0.000014 30
0.004379 60
0.006105 30
0.019193 60
0.014793 60
0.017021 30
0.000057 30
0.000862 60
0.009573 33
0.018726 64
0.031249 66
0.137423 138
0.202824 54
0.000670 80
0.000238 29
0.001807 28
0.078456 47
0.001641 80
0.000739 36
0.010973 200
1.226380 1
0.104853 2
0.024546 13
0.098388 160
0.253774 49
0.036639 154
0.015008 240
0.003162 234
0.006147 227
0.335550 230
0.001377 232
0.001203 244
0.000803 238
0.154863 236
0.030763 234
0.000713 102
0.117433 75
0.458890 81
0.003877 363
0.004562 26
0.000995 26
0.000627 26
0.000665 26
0.000930 26
0.002259 99
0.001270 71
0.106913 52
0.582317 50
0.002271 69
0.075036 44
0.562817 58
0.002441 73
0.041865 50
0.606962 49
0.003212 68
0.040902 45
0.592473 57
0.003383 67
0.072614 48
1.217800 55
0.001161 67
0.066650 48
0.481939 62
0.002767 71
0.063347 52
0.527215 59
0.003066 71
0.064839 52
0.449348 58
0.002957 74
0.074098 55
0.848900 53
0.002707 73
0.063250 50
0.461999 49
0.003279 71
0.074008 46
0.357273 53
0.162592 250
0.000211 526
0.143814 53
0.168434 53
0.237111 46
0.194145 250
0.000294 526
0.056977 203
0.000060 41
0.000086 175
0.000210 17
5.111866 1
0.160241 4
0.008276 69
0.002106 238
0.000339 759
0.000608 11
11.434677 1
0.219774 1
0.521684 2
0.000251 2
0.015586 48
0.004244 169
0.188818 49
0.238463 51
0.190675 45
0.257916 49
0.190741 51
0.177398 250
0.000129 526
0.328598 44
0.683743 29
0.343642 56
1.463910 47
0.093333 250
0.120927 56
0.191139 64
0.081094 44
0.367741 78
0.001110 7
0.209518 46
4.136523 26
0.944281 2
0.455625 13
0.004734 49
2.213119 1
0.208710 1
0.141064 1
0.162958 1
0.237325 2
0.000175 6
0.449889 106
0.000094 31
0.000283 7
0.000167 8
0.662998 1
0.219730 3
0.159924 1
0.185317 1
0.205349 7
0.000220 11
