0.044464 1101
0.235115 6
0.000276 29
0.001350 128
0.000287 180
0.003122 862
0.000204 7
0.001171 12
0.000267 8
1.330736 11
0.007435 18
0.010501 41
0.008446 30
0.005640 30
0.003110 66
0.004073 11
0.003353 16
0.003239 16
0.003188 22
0.003977 2
0.004185 1
0.003618 1
0.004519 2
0.004801 1
0.004602 1
0.004547 1
0.004501 1
0.004805 1
0.004531 1
0.004517 1
0.004458 1
0.004812 1
0.004465 1
0.004386 1
0.004973 1
0.004756 1
0.004539 1
0.004437 1
0.004978 1
0.004527 1
0.004327 1
0.004808 1
0.004580 1
0.004495 1
0.004246 1
0.004903 1
0.004889 1
0.004551 1
0.004434 1
0.005033 1
0.004533 1
0.004765 1
0.004959 1
0.004617 1
0.004534 1
0.004662 1
0.005047 1
0.005464 11
0.005271 8
0.005872 1
0.006102 1
0.000269 320
0.765994 376
0.005235 7
0.019016 11
0.001710 72
0.139959 46
1.821284 1
0.210089 1
0.107793 1
0.755708 1
0.148977 1
0.285833 1
0.174949 1
0.324409 1
0.242037 1
0.397942 1
0.109701 1
0.114396 1
0.270920 1
0.265173 1
0.088359 1
0.166018 1
0.154127 1
0.135834 1
0.109916 1
0.095100 1
0.112118 1
0.249254 1
0.117544 1
0.375590 1
0.219112 1
0.384744 1
0.099966 1
0.110795 1
0.356106 1
0.247718 1
0.089742 1
0.159788 1
0.126598 1
0.189592 1
0.149966 1
0.084402 1
0.165412 1
0.974048 2
0.040979 30
0.049012 90
0.027604 83
0.001303 350
0.001194 251
0.000452 676
0.002614 2
1.900984 1
0.279928 1
0.089368 1
0.140943 1
0.185188 1
0.409439 1
0.119419 1
0.375297 1
0.664197 22
0.002903 92
0.001034 2
1.341115 1
0.109296 1
0.199831 1
0.464973 1
0.305420 1
0.110278 1
0.143566 1
0.259858 1
0.140785 1
0.064037 1
0.221011 1
0.176761 1
0.201793 1
0.060214 1
0.094955 1
0.214832 1
0.386323 30
0.001023 29
0.001375 2
10.425432 17
0.719927 31
0.009596 190
0.000967 2
13.978220 1
0.218781 1
0.755645 1
0.239650 1
0.155298 1
0.130506 1
0.098774 1
0.286416 1
0.859191 1
0.363438 1
0.066898 1
0.145656 1
0.181962 1
0.176191 1
1.055787 1
0.932055 1
0.444884 1
1.021850 1
1.728114 1
0.164546 1
0.044416 1
0.280539 1
0.248955 1
0.199945 1
0.680528 1
0.144500 1
1.255762 1
0.384072 24
0.000039 19
0.574349 1
1.109337 1
0.241983 1
0.989522 1
0.246972 1
0.134969 1
0.090358 1
0.251344 1
0.368444 1
0.525339 1
0.144974 1
7.964734 1
0.165997 1
0.183889 1
0.089899 1
0.179954 1
1.217144 1
0.957781 1
0.319034 1
1.814557 103
0.006073 34
0.000584 2
1.925449 101
0.469483 29
0.473040 31
0.002599 89
0.000167 101
0.000620 122
0.002127 2
11.569242 7
0.010278 49
0.814238 6
0.008146 120
0.000170 108
0.000020 20
0.036067 864
0.000154 7
0.001237 8
1.182020 11
